6150.620000 6150.620000 1.000000
6151.160000 6151.160000 1.000000
6151.780000 6151.780000 1.000000
6152.130000 6152.130000 1.000000
6152.470000 6152.470000 1.000000
6152.850000 6152.850000 1.000000
6167.310000 6167.310000 1.000000
6167.740000 6167.740000 1.000000
6167.920000 6167.920000 1.000000
6168.170000 6168.170000 1.000000
6172.510000 6172.510000 1.000000
6172.700000 6172.700000 1.000000
6172.880000 6172.880000 1.000000
6177.690000 6177.690000 1.000000
6177.970000 6177.970000 1.000000
6178.590000 6178.590000 1.000000
6178.890000 6178.890000 1.000000
6179.210000 6179.210000 1.000000
6179.500000 6179.500000 1.000000
6179.840000 6179.840000 1.000000
6180.470000 6180.470000 1.000000
6180.790000 6180.790000 1.000000
6181.430000 6181.430000 1.000000
6182.210000 6182.210000 1.000000
6182.410000 6182.410000 1.000000
6182.800000 6182.800000 1.000000
6203.050000 6203.050000 1.000000
6203.940000 6203.940000 1.000000
