4112.318600 4112.318600 1.000
4117.852400 4117.852400 1.000
4120.614600 4120.614600 1.000
4122.149500 4122.149500 1.000
4124.484000 4124.484000 1.000
4124.779000 4124.779000 1.000
4126.511100 4126.511100 1.000
4128.738400 4128.738400 1.000
4137.648600 4137.648600 1.000
4139.080500 4139.080500 1.000
4141.057200 4141.057200 1.000
4141.862200 4141.862200 1.000
4145.197800 4145.197800 1.000
4147.342200 4147.342200 1.000
4152.762700 4152.762700 1.000
4153.382300 4153.382300 1.000
4156.079000 4156.079000 1.000
4161.794500 4161.794500 1.000
4164.775000 4164.775000 1.000
4168.614800 4168.614800 1.000
4183.003300 4183.003300 1.000
4194.486500 4194.486500 1.000
4196.534300 4196.534300 1.000
4202.752400 4202.752400 1.000
4206.286200 4206.286200 1.000
4207.814800 4207.814800 1.000
4208.980300 4208.980300 1.000
4220.047300 4220.047300 1.000
4222.594200 4222.594200 1.000
4232.727200 4232.727200 1.000
4237.669800 4237.669800 1.000
4241.116100 4241.116100 1.000
4256.803500 4256.803500 1.000
4258.318200 4258.318200 1.000
4262.339600 4262.339600 1.000
4265.917400 4265.917400 1.000
4269.281100 4269.281100 1.000
4276.078100 4276.078100 1.000
4281.367400 4281.367400 1.000
4288.146600 4288.146600 1.000
4316.792800 4316.792800 1.000
4321.789300 4321.789300 1.000
4331.642900 4331.642900 1.000
4347.234000 4347.234000 1.000
4355.692500 4355.692500 1.000
4364.653100 4364.653100 1.000
4365.895500 4365.895500 1.000
4368.629900 4368.629900 1.000
4373.254000 4373.254000 1.000
4376.773900 4376.773900 1.000
4379.767000 4379.767000 1.000
4389.247000 4389.247000 1.000
4389.979300 4389.979300 1.000
4394.058800 4394.058800 1.000
4398.287700 4398.287700 1.000
4400.570800 4400.570800 1.000
4409.518200 4409.518200 1.000
4410.519100 4410.519100 1.000
4412.248100 4412.248100 1.000
4420.281600 4420.281600 1.000
4423.840400 4423.840400 1.000
4431.838100 4431.838100 1.000
4432.567500 4432.567500 1.000
4437.562800 4437.562800 1.000
4437.832300 4437.832300 1.000
4438.342500 4438.342500 1.000
4439.880400 4439.880400 1.000
4440.470100 4440.470100 1.000
4442.830500 4442.830500 1.000
4444.554300 4444.554300 1.000
4445.470400 4445.470400 1.000
4450.316300 4450.316300 1.000
4452.997800 4452.997800 1.000
4453.313600 4453.313600 1.000
4453.698900 4453.698900 1.000
4457.036900 4457.036900 1.000
4458.078600 4458.078600 1.000
4463.129900 4463.129900 1.000
4463.399100 4463.399100 1.000
4465.352300 4465.352300 1.000
4465.806300 4465.806300 1.000
4470.130300 4470.130300 1.000
4470.849700 4470.849700 1.000
4471.238200 4471.238200 1.000
4478.017400 4478.017400 1.000
4479.961100 4479.961100 1.000
4481.608700 4481.608700 1.000
4485.966500 4485.966500 1.000
4492.303700 4492.303700 1.000
4492.677000 4492.677000 1.000
4493.522300 4493.522300 1.000
4495.565100 4495.565100 1.000
4498.722200 4498.722200 1.000
4498.890600 4498.890600 1.000
4499.133800 4499.133800 1.000
4502.213000 4502.213000 1.000
4502.589300 4502.589300 1.000
4509.731200 4509.731200 1.000
4511.886700 4511.886700 1.000
4512.266700 4512.266700 1.000
4512.734900 4512.734900 1.000
4514.182200 4514.182200 1.000
4518.023800 4518.023800 1.000
4523.396800 4523.396800 1.000
4524.680900 4524.680900 1.000
4525.863900 4525.863900 1.000
4526.096300 4526.096300 1.000
4527.780500 4527.780500 1.000
4535.135100 4535.135100 1.000
4537.668100 4537.668100 1.000
4541.059200 4541.059200 1.000
4541.309700 4541.309700 1.000
4541.515400 4541.515400 1.000
4545.952800 4545.952800 1.000
4548.763900 4548.763900 1.000
4551.647600 4551.647600 1.000
4555.484300 4555.484300 1.000
4556.923400 4556.923400 1.000
4557.275600 4557.275600 1.000
4558.104900 4558.104900 1.000
4560.085600 4560.085600 1.000
4560.863500 4560.863500 1.000
4561.410000 4561.410000 1.000
4562.359000 4562.359000 1.000
4566.514500 4566.514500 1.000
4566.866700 4566.866700 1.000
4568.323500 4568.323500 1.000
4571.435500 4571.435500 1.000
4574.215700 4574.215700 1.000
4574.717900 4574.717900 1.000
4575.782000 4575.782000 1.000
4576.333400 4576.333400 1.000
4577.172000 4577.172000 1.000
4579.325200 4579.325200 1.000
4580.581700 4580.581700 1.000
4582.830600 4582.830600 1.000
4583.411000 4583.411000 1.000
4585.337000 4585.337000 1.000
4587.127800 4587.127800 1.000
4590.785000 4590.785000 1.000
4592.051200 4592.051200 1.000
4593.526100 4593.526100 1.000
4594.889800 4594.889800 1.000
4595.357300 4595.357300 1.000
4596.408700 4596.408700 1.000
4599.836200 4599.836200 1.000
4600.357200 4600.357200 1.000
4602.000500 4602.000500 1.000
4604.552500 4604.552500 1.000
4604.986300 4604.986300 1.000
4605.582100 4605.582100 1.000
4606.217700 4606.217700 1.000
4607.329900 4607.329900 1.000
4609.908600 4609.908600 1.000
4614.198600 4614.198600 1.000
4615.560800 4615.560800 1.000
4616.622200 4616.622200 1.000
4617.268500 4617.268500 1.000
4620.513200 4620.513200 1.000
4622.746000 4622.746000 1.000
4623.095000 4623.095000 1.000
4626.174400 4626.174400 1.000
4626.532400 4626.532400 1.000
4628.156900 4628.156900 1.000
4630.121500 4630.121500 1.000
4630.552900 4630.552900 1.000
4634.072000 4634.072000 1.000
4634.713500 4634.713500 1.000
4635.846400 4635.846400 1.000
4636.323700 4636.323700 1.000
4637.174900 4637.174900 1.000
4639.360100 4639.360100 1.000
4639.659600 4639.659600 1.000
4639.938900 4639.938900 1.000
4640.285000 4640.285000 1.000
4641.210300 4641.210300 1.000
4643.461700 4643.461700 1.000
4645.186600 4645.186600 1.000
4647.435900 4647.435900 1.000
4647.952600 4647.952600 1.000
4649.431900 4649.431900 1.000
4650.011400 4650.011400 1.000
4651.284500 4651.284500 1.000
4654.152100 4654.152100 1.000
4656.182900 4656.182900 1.000
4656.465400 4656.465400 1.000
4657.199900 4657.199900 1.000
4657.583500 4657.583500 1.000
4658.293500 4658.293500 1.000
4660.422800 4660.422800 1.000
4660.901500 4660.901500 1.000
4661.533300 4661.533300 1.000
4661.971000 4661.971000 1.000
4666.751200 4666.751200 1.000
4667.758400 4667.758400 1.000
4669.168000 4669.168000 1.000
4670.405600 4670.405600 1.000
4671.415600 4671.415600 1.000
4672.327400 4672.327400 1.000
4672.832700 4672.832700 1.000
4675.101800 4675.101800 1.000
4675.107100 4675.107100 1.000
4678.163100 4678.163100 1.000
4679.219800 4679.219800 1.000
4680.134800 4680.134800 1.000
4680.293700 4680.293700 1.000
4680.851400 4680.851400 1.000
4681.464700 4681.464700 1.000
4682.556700 4682.556700 1.000
4683.558100 4683.558100 1.000
4684.589600 4684.589600 1.000
4686.213000 4686.213000 1.000
4688.172800 4688.172800 1.000
4690.137400 4690.137400 1.000
4693.939000 4693.939000 1.000
4697.047800 4697.047800 1.000
4699.331400 4699.331400 1.000
4700.152800 4700.152800 1.000
4700.608900 4700.608900 1.000
4701.352500 4701.352500 1.000
4701.528600 4701.528600 1.000
4703.807500 4703.807500 1.000
4704.947400 4704.947400 1.000
4705.458900 4705.458900 1.000
4706.547600 4706.547600 1.000
4707.485500 4707.485500 1.000
4708.011800 4708.011800 1.000
4708.662100 4708.662100 1.000
4711.480700 4711.480700 1.000
4717.576500 4717.576500 1.000
4718.419900 4718.419900 1.000
4720.990800 4720.990800 1.000
4722.156100 4722.156100 1.000
4722.607600 4722.607600 1.000
4724.409300 4724.409300 1.000
4726.137700 4726.137700 1.000
4728.162300 4728.162300 1.000
4729.018400 4729.018400 1.000
4730.711600 4730.711600 1.000
4731.797800 4731.797800 1.000
4732.455100 4732.455100 1.000
4733.592400 4733.592400 1.000
4734.096600 4734.096600 1.000
4735.843400 4735.843400 1.000
4737.349000 4737.349000 1.000
4737.632000 4737.632000 1.000
4739.103700 4739.103700 1.000
4741.530400 4741.530400 1.000
4742.787200 4742.787200 1.000
4744.381100 4744.381100 1.000
4745.799200 4745.799200 1.000
4748.132200 4748.132200 1.000
4749.945600 4749.945600 1.000
4751.086100 4751.086100 1.000
4752.099300 4752.099300 1.000
4752.422100 4752.422100 1.000
4754.757300 4754.757300 1.000
4756.112500 4756.112500 1.000
4756.516600 4756.516600 1.000
4757.576700 4757.576700 1.000
4758.119500 4758.119500 1.000
4759.269300 4759.269300 1.000
4761.523900 4761.523900 1.000
4762.626400 4762.626400 1.000
4764.526200 4764.526200 1.000
4765.858600 4765.858600 1.000
4768.696300 4768.696300 1.000
4769.794500 4769.794500 1.000
4776.067500 4776.067500 1.000
4779.439500 4779.439500 1.000
4779.979200 4779.979200 1.000
4783.994500 4783.994500 1.000
4785.952900 4785.952900 1.000
4786.281500 4786.281500 1.000
4786.808400 4786.808400 1.000
4787.826400 4787.826400 1.000
4788.756800 4788.756800 1.000
4789.335400 4789.335400 1.000
4789.652100 4789.652100 1.000
4792.852400 4792.852400 1.000
4796.180000 4796.180000 1.000
4798.262900 4798.262900 1.000
4798.531800 4798.531800 1.000
4798.731700 4798.731700 1.000
4799.407600 4799.407600 1.000
4801.025300 4801.025300 1.000
4802.879400 4802.879400 1.000
4804.516200 4804.516200 1.000
4805.419100 4805.419100 1.000
4806.987800 4806.987800 1.000
4807.709000 4807.709000 1.000
4808.147500 4808.147500 1.000
4808.870600 4808.870600 1.000
4809.937300 4809.937300 1.000
4810.533300 4810.533300 1.000
4811.981000 4811.981000 1.000
4812.344100 4812.344100 1.000
4813.112500 4813.112500 1.000
4813.476400 4813.476400 1.000
4820.409600 4820.409600 1.000
4821.121300 4821.121300 1.000
4829.024200 4829.024200 1.000
4831.175400 4831.175400 1.000
4831.650300 4831.650300 1.000
4832.426700 4832.426700 1.000
4835.866800 4835.866800 1.000
4836.233900 4836.233900 1.000
4839.545700 4839.545700 1.000
4840.875500 4840.875500 1.000
4841.782200 4841.782200 1.000
4842.784300 4842.784300 1.000
4843.146900 4843.146900 1.000
4844.014300 4844.014300 1.000
4845.650000 4845.650000 1.000
4847.308300 4847.308300 1.000
4848.250100 4848.250100 1.000
4848.882300 4848.882300 1.000
4849.165700 4849.165700 1.000
4851.490100 4851.490100 1.000
4852.553800 4852.553800 1.000
4854.865500 4854.865500 1.000
4855.673300 4855.673300 1.000
4857.389800 4857.389800 1.000
4863.645900 4863.645900 1.000
4865.612700 4865.612700 1.000
4866.271100 4866.271100 1.000
4869.461300 4869.461300 1.000
4873.443200 4873.443200 1.000
4874.010400 4874.010400 1.000
4874.352600 4874.352600 1.000
4875.027000 4875.027000 1.000
4875.484800 4875.484800 1.000
4875.876300 4875.876300 1.000
4877.604400 4877.604400 1.000
4882.144600 4882.144600 1.000
4883.683400 4883.683400 1.000
4884.599700 4884.599700 1.000
4885.082100 4885.082100 1.000
4885.431800 4885.431800 1.000
4885.768900 4885.768900 1.000
4886.332300 4886.332300 1.000
4887.007600 4887.007600 1.000
4887.190200 4887.190200 1.000
4892.857300 4892.857300 1.000
4896.437800 4896.437800 1.000
4900.120000 4900.120000 1.000
4904.413300 4904.413300 1.000
4905.131300 4905.131300 1.000
4907.732300 4907.732300 1.000
4909.382000 4909.382000 1.000
4910.018400 4910.018400 1.000
4911.193200 4911.193200 1.000
4911.528300 4911.528300 1.000
4912.018900 4912.018900 1.000
4913.616100 4913.616100 1.000
4913.971800 4913.971800 1.000
4917.230000 4917.230000 1.000
4918.011800 4918.011800 1.000
4918.363500 4918.363500 1.000
4921.776300 4921.776300 1.000
4924.771500 4924.771500 1.000
4925.566300 4925.566300 1.000
4927.420800 4927.420800 1.000
4927.868100 4927.868100 1.000
4928.335800 4928.335800 1.000
4930.799600 4930.799600 1.000
4935.831000 4935.831000 1.000
4936.336800 4936.336800 1.000
4939.237900 4939.237900 1.000
4945.443600 4945.443600 1.000
4945.636200 4945.636200 1.000
4946.030700 4946.030700 1.000
4950.106900 4950.106900 1.000
4952.278800 4952.278800 1.000
4952.644100 4952.644100 1.000
4953.208000 4953.208000 1.000
4954.805100 4954.805100 1.000
4961.916200 4961.916200 1.000
4962.571500 4962.571500 1.000
4964.930500 4964.930500 1.000
4965.167400 4965.167400 1.000
4967.897700 4967.897700 1.000
4969.918500 4969.918500 1.000
4970.494900 4970.494900 1.000
4971.346400 4971.346400 1.000
4976.133900 4976.133900 1.000
4976.326400 4976.326400 1.000
4979.584300 4979.584300 1.000
4986.222300 4986.222300 1.000
4986.901200 4986.901200 1.000
4986.902800 4986.902800 1.000
4990.448300 4990.448300 1.000
4993.350700 4993.350700 1.000
4995.652200 4995.652200 1.000
4996.844400 4996.844400 1.000
4997.094900 4997.094900 1.000
4998.225000 4998.225000 1.000
4999.111500 4999.111500 1.000
5000.985700 5000.985700 1.000
5002.793000 5002.793000 1.000
5003.742200 5003.742200 1.000
5004.044100 5004.044100 1.000
5005.168700 5005.168700 1.000
5007.730100 5007.730100 1.000
5009.646000 5009.646000 1.000
5010.024000 5010.024000 1.000
5010.938600 5010.938600 1.000
5012.443800 5012.443800 1.000
5012.694700 5012.694700 1.000
5013.297100 5013.297100 1.000
5016.162000 5016.162000 1.000
5016.473300 5016.473300 1.000
5016.879800 5016.879800 1.000
5022.866700 5022.866700 1.000
5023.184200 5023.184200 1.000
5023.494300 5023.494300 1.000
5024.845300 5024.845300 1.000
5027.755400 5027.755400 1.000
5028.127700 5028.127700 1.000
5029.617400 5029.617400 1.000
5030.775800 5030.775800 1.000
5031.018100 5031.018100 1.000
5031.914000 5031.914000 1.000
5032.725400 5032.725400 1.000
5036.266800 5036.266800 1.000
5036.464300 5036.464300 1.000
5036.919300 5036.919300 1.000
5038.397800 5038.397800 1.000
5038.589200 5038.589200 1.000
5039.958000 5039.958000 1.000
5042.186100 5042.186100 1.000
5044.212800 5044.212800 1.000
5048.435900 5048.435900 1.000
5048.847400 5048.847400 1.000
5051.894600 5051.894600 1.000
5054.643100 5054.643100 1.000
5056.843300 5056.843300 1.000
5057.481900 5057.481900 1.000
5057.979100 5057.979100 1.000
5064.652800 5064.652800 1.000
5067.150500 5067.150500 1.000
5071.480400 5071.480400 1.000
5072.670200 5072.670200 1.000
5072.926500 5072.926500 1.000
5079.958100 5079.958100 1.000
5082.344200 5082.344200 1.000
5085.482400 5085.482400 1.000
5087.056000 5087.056000 1.000
5087.421400 5087.421400 1.000
5088.152000 5088.152000 1.000
5088.537800 5088.537800 1.000
5088.955400 5088.955400 1.000
5090.773600 5090.773600 1.000
5094.410800 5094.410800 1.000
5097.486100 5097.486100 1.000
5099.324500 5099.324500 1.000
5102.965100 5102.965100 1.000
5104.031000 5104.031000 1.000
5104.437800 5104.437800 1.000
5109.649400 5109.649400 1.000
5110.751500 5110.751500 1.000
5113.125100 5113.125100 1.000
5113.440900 5113.440900 1.000
5115.391300 5115.391300 1.000
5115.776200 5115.776200 1.000
5117.933500 5117.933500 1.000
5126.191400 5126.191400 1.000
5127.361500 5127.361500 1.000
5127.680200 5127.680200 1.000
5130.358300 5130.358300 1.000
5131.469500 5131.469500 1.000
5131.764500 5131.764500 1.000
5132.663400 5132.663400 1.000
5136.087400 5136.087400 1.000
5141.741600 5141.741600 1.000
5143.724000 5143.724000 1.000
5145.093900 5145.093900 1.000
5145.460300 5145.460300 1.000
5146.482400 5146.482400 1.000
5147.477600 5147.477600 1.000
5150.181600 5150.181600 1.000
5152.182900 5152.182900 1.000
5154.069600 5154.069600 1.000
5155.125600 5155.125600 1.000
5155.762400 5155.762400 1.000
5157.978600 5157.978600 1.000
5159.056600 5159.056600 1.000
5164.549200 5164.549200 1.000
5165.412400 5165.412400 1.000
5170.762600 5170.762600 1.000
5173.744400 5173.744400 1.000
5176.559100 5176.559100 1.000
5178.798600 5178.798600 1.000
5180.061400 5180.061400 1.000
5185.904000 5185.904000 1.000
5187.913100 5187.913100 1.000
5192.970300 5192.970300 1.000
5195.472800 5195.472800 1.000
5196.057400 5196.057400 1.000
5197.159800 5197.159800 1.000
5197.570900 5197.570900 1.000
5197.935500 5197.935500 1.000
5198.713200 5198.713200 1.000
5200.166700 5200.166700 1.000
5200.411000 5200.411000 1.000
5210.385900 5210.385900 1.000
5211.531300 5211.531300 1.000
5214.130200 5214.130200 1.000
5214.609300 5214.609300 1.000
5217.914200 5217.914200 1.000
5218.200800 5218.200800 1.000
5218.202500 5218.202500 1.000
5219.696100 5219.696100 1.000
5220.288300 5220.288300 1.000
5221.752500 5221.752500 1.000
5222.670000 5222.670000 1.000
5223.182200 5223.182200 1.000
5224.305000 5224.305000 1.000
5225.528200 5225.528200 1.000
5226.542400 5226.542400 1.000
5228.374500 5228.374500 1.000
5230.211100 5230.211100 1.000
5234.627000 5234.627000 1.000
5236.200300 5236.200300 1.000
5237.320800 5237.320800 1.000
5239.817600 5239.817600 1.000
5242.491900 5242.491900 1.000
5243.775100 5243.775100 1.000
5247.052300 5247.052300 1.000
5247.567000 5247.567000 1.000
5249.100600 5249.100600 1.000
5250.210500 5250.210500 1.000
5250.648500 5250.648500 1.000
5253.021600 5253.021600 1.000
5253.461700 5253.461700 1.000
5256.935900 5256.935900 1.000
5257.642700 5257.642700 1.000
5260.381600 5260.381600 1.000
5261.701400 5261.701400 1.000
5264.804700 5264.804700 1.000
5267.267600 5267.267600 1.000
5271.997900 5271.997900 1.000
5282.392000 5282.392000 1.000
5284.106200 5284.106200 1.000
5284.419900 5284.419900 1.000
5284.607100 5284.607100 1.000
5285.126400 5285.126400 1.000
5288.526800 5288.526800 1.000
5349.738100 5349.738100 1.000
5352.042800 5352.042800 1.000
5365.399300 5365.399300 1.000
5369.585500 5369.585500 1.000
5373.709200 5373.709200 1.000
5377.609300 5377.609300 1.000
5379.573400 5379.573400 1.000
5381.022800 5381.022800 1.000
5382.270500 5382.270500 1.000
5386.332100 5386.332100 1.000
5386.964100 5386.964100 1.000
5389.480800 5389.480800 1.000
5391.457500 5391.457500 1.000
5397.617200 5397.617200 1.000
5398.279400 5398.279400 1.000
5401.265800 5401.265800 1.000
5405.351600 5405.351600 1.000
5406.772500 5406.772500 1.000
5409.134400 5409.134400 1.000
5411.216100 5411.216100 1.000
5414.068500 5414.068500 1.000
5417.036800 5417.036800 1.000
5418.767300 5418.767300 1.000
5425.249600 5425.249600 1.000
5432.949300 5432.949300 1.000
5435.856100 5435.856100 1.000
5436.294000 5436.294000 1.000
5436.587500 5436.587500 1.000
5441.339400 5441.339400 1.000
5445.045800 5445.045800 1.000
5461.548900 5461.548900 1.000
5462.493500 5462.493500 1.000
5462.962000 5462.962000 1.000
5464.277500 5464.277500 1.000
5466.395200 5466.395200 1.000
5466.984700 5466.984700 1.000
5470.088800 5470.088800 1.000
5472.705500 5472.705500 1.000
5473.899200 5473.899200 1.000
5483.096700 5483.096700 1.000
5487.145600 5487.145600 1.000
5487.746100 5487.746100 1.000
5490.150100 5490.150100 1.000
5490.694400 5490.694400 1.000
5493.496000 5493.496000 1.000
5494.462100 5494.462100 1.000
5505.878500 5505.878500 1.000
5512.977800 5512.977800 1.000
5514.344800 5514.344800 1.000
5514.534500 5514.534500 1.000
5522.445300 5522.445300 1.000
5525.543800 5525.543800 1.000
5526.812400 5526.812400 1.000
5534.840700 5534.840700 1.000
5538.514600 5538.514600 1.000
5543.188800 5543.188800 1.000
5543.936500 5543.936500 1.000
5546.506700 5546.506700 1.000
5546.988400 5546.988400 1.000
5560.210900 5560.210900 1.000
5562.707600 5562.707600 1.000
5563.601500 5563.601500 1.000
5565.706000 5565.706000 1.000
5578.719600 5578.719600 1.000
5581.969500 5581.969500 1.000
5584.766600 5584.766600 1.000
5587.571100 5587.571100 1.000
5587.858200 5587.858200 1.000
5589.356500 5589.356500 1.000
5590.116200 5590.116200 1.000
5593.736900 5593.736900 1.000
5601.276200 5601.276200 1.000
5614.772500 5614.772500 1.000
5618.632300 5618.632300 1.000
5619.595300 5619.595300 1.000
5624.022500 5624.022500 1.000
5625.318200 5625.318200 1.000
5633.945500 5633.945500 1.000
5635.821300 5635.821300 1.000
5636.691800 5636.691800 1.000
5637.114800 5637.114800 1.000
5637.402000 5637.402000 1.000
5637.403500 5637.403500 1.000
5638.261300 5638.261300 1.000
5640.978500 5640.978500 1.000
5641.436700 5641.436700 1.000
5645.608800 5645.608800 1.000
5649.984100 5649.984100 1.000
5650.683000 5650.683000 1.000
5652.316000 5652.316000 1.000
5653.863000 5653.863000 1.000
5655.173700 5655.173700 1.000
5655.487900 5655.487900 1.000
5657.871600 5657.871600 1.000
5661.344300 5661.344300 1.000
5662.151700 5662.151700 1.000
5662.518300 5662.518300 1.000
5662.929200 5662.929200 1.000
5663.996600 5663.996600 1.000
5665.552600 5665.552600 1.000
5667.144700 5667.144700 1.000
5667.515500 5667.515500 1.000
5669.031300 5669.031300 1.000
5675.424400 5675.424400 1.000
5679.023500 5679.023500 1.000
5682.197700 5682.197700 1.000
5684.188900 5684.188900 1.000
5684.482800 5684.482800 1.000
5686.532700 5686.532700 1.000
5690.424800 5690.424800 1.000
5691.495500 5691.495500 1.000
5693.642800 5693.642800 1.000
5694.982200 5694.982200 1.000
5701.100200 5701.100200 1.000
5701.548500 5701.548500 1.000
5702.319400 5702.319400 1.000
5703.575900 5703.575900 1.000
5705.463400 5705.463400 1.000
5708.094000 5708.094000 1.000
5708.394100 5708.394100 1.000
5712.131800 5712.131800 1.000
5715.080900 5715.080900 1.000
5717.833400 5717.833400 1.000
5727.047400 5727.047400 1.000
5731.760600 5731.760600 1.000
5741.848000 5741.848000 1.000
5748.353200 5748.353200 1.000
5752.033100 5752.033100 1.000
5753.124500 5753.124500 1.000
5754.655500 5754.655500 1.000
5756.814800 5756.814800 1.000
5760.344400 5760.344400 1.000
5760.830900 5760.830900 1.000
5772.141200 5772.141200 1.000
5775.077900 5775.077900 1.000
5778.453000 5778.453000 1.000
5780.597600 5780.597600 1.000
5781.176800 5781.176800 1.000
5783.063200 5783.063200 1.000
5783.855600 5783.855600 1.000
5784.657700 5784.657700 1.000
5784.967100 5784.967100 1.000
5785.273500 5785.273500 1.000
5787.917900 5787.917900 1.000
5793.068200 5793.068200 1.000
5793.913400 5793.913400 1.000
5797.856100 5797.856100 1.000
5798.172800 5798.172800 1.000
5804.458600 5804.458600 1.000
5805.221100 5805.221100 1.000
5806.726300 5806.726300 1.000
5809.216500 5809.216500 1.000
5814.806400 5814.806400 1.000
5831.595800 5831.595800 1.000
5848.116500 5848.116500 1.000
5852.219800 5852.219800 1.000
5853.677600 5853.677600 1.000
5855.075100 5855.075100 1.000
5856.085200 5856.085200 1.000
5857.749000 5857.749000 1.000
5859.584700 5859.584700 1.000
5862.358000 5862.358000 1.000
5866.452600 5866.452600 1.000
5867.557200 5867.557200 1.000
5909.973100 5909.973100 1.000
5916.249500 5916.249500 1.000
5922.110400 5922.110400 1.000
5927.785300 5927.785300 1.000
5929.675300 5929.675300 1.000
5930.180600 5930.180600 1.000
5934.654400 5934.654400 1.000
5948.539300 5948.539300 1.000
5949.338000 5949.338000 1.000
5952.719000 5952.719000 1.000
5953.157500 5953.157500 1.000
5956.694500 5956.694500 1.000
5965.828600 5965.828600 1.000
5975.346800 5975.346800 1.000
5976.775000 5976.775000 1.000
5978.545500 5978.545500 1.000
5983.679800 5983.679800 1.000
5984.817300 5984.817300 1.000
5987.063700 5987.063700 1.000
5991.370500 5991.370500 1.000
5997.775200 5997.775200 1.000
6003.014900 6003.014900 1.000
6005.543200 6005.543200 1.000
6007.311800 6007.311800 1.000
6007.960000 6007.960000 1.000
6008.556900 6008.556900 1.000
6012.226800 6012.226800 1.000
6021.794600 6021.794600 1.000
6024.061400 6024.061400 1.000
6027.052100 6027.052100 1.000
6042.094600 6042.094600 1.000
6056.005800 6056.005800 1.000
6065.487000 6065.487000 1.000
6078.489600 6078.489600 1.000
6079.008400 6079.008400 1.000
6082.710900 6082.710900 1.000
6085.251400 6085.251400 1.000
6086.279600 6086.279600 1.000
6089.565700 6089.565700 1.000
6090.209800 6090.209800 1.000
6093.642200 6093.642200 1.000
6096.663600 6096.663600 1.000
6102.175500 6102.175500 1.000
6108.118100 6108.118100 1.000
6111.070500 6111.070500 1.000
6119.528100 6119.528100 1.000
6125.019800 6125.019800 1.000
6127.906800 6127.906800 1.000
6136.993100 6136.993100 1.000
6141.722300 6141.722300 1.000
6142.486800 6142.486800 1.000
6145.014800 6145.014800 1.000
6149.245700 6149.245700 1.000
6151.618500 6151.618500 1.000
6154.223300 6154.223300 1.000
6155.138300 6155.138300 1.000
6157.728600 6157.728600 1.000
6160.747000 6160.747000 1.000
6161.289400 6161.289400 1.000
6163.749600 6163.749600 1.000
6165.359300 6165.359300 1.000
6166.435600 6166.435600 1.000
6169.038200 6169.038200 1.000
6169.558300 6169.558300 1.000
6170.511800 6170.511800 1.000
6173.337100 6173.337100 1.000
6175.364800 6175.364800 1.000
6176.813000 6176.813000 1.000
6180.205100 6180.205100 1.000
6186.711700 6186.711700 1.000
6187.987400 6187.987400 1.000
6191.177800 6191.177800 1.000
6199.189500 6199.189500 1.000
6200.316400 6200.316400 1.000
6213.432300 6213.432300 1.000
6215.145700 6215.145700 1.000
6216.351800 6216.351800 1.000
6219.280900 6219.280900 1.000
6223.983900 6223.983900 1.000
6226.735000 6226.735000 1.000
6232.643600 6232.643600 1.000
6237.321200 6237.321200 1.000
6238.384500 6238.384500 1.000
6240.647600 6240.647600 1.000
6243.108400 6243.108400 1.000
6243.816000 6243.816000 1.000
6244.468100 6244.468100 1.000
6245.616700 6245.616700 1.000
6246.322500 6246.322500 1.000
6247.558700 6247.558700 1.000
6252.559900 6252.559900 1.000
6256.358500 6256.358500 1.000
6258.105200 6258.105200 1.000
6261.100200 6261.100200 1.000
6265.137200 6265.137200 1.000
6270.225400 6270.225400 1.000
6271.278000 6271.278000 1.000
6290.966300 6290.966300 1.000
6297.793600 6297.793600 1.000
6299.588800 6299.588800 1.000
6301.504700 6301.504700 1.000
6302.493400 6302.493400 1.000
6314.660500 6314.660500 1.000
6315.810800 6315.810800 1.000
6318.023900 6318.023900 1.000
6322.687200 6322.687200 1.000
6327.599500 6327.599500 1.000
6330.091700 6330.091700 1.000
6330.847500 6330.847500 1.000
6335.335200 6335.335200 1.000
6336.827100 6336.827100 1.000
6338.874600 6338.874600 1.000
6339.111900 6339.111900 1.000
6344.150600 6344.150600 1.000
6358.680600 6358.680600 1.000
6362.869200 6362.869200 1.000
6364.362400 6364.362400 1.000
6378.251800 6378.251800 1.000
6380.742800 6380.742800 1.000
6384.657500 6384.657500 1.000
6400.317800 6400.317800 1.000
6408.020100 6408.020100 1.000
6411.652700 6411.652700 1.000
6414.979700 6414.979700 1.000
6416.922900 6416.922900 1.000
6419.950400 6419.950400 1.000
6430.850200 6430.850200 1.000
6432.677800 6432.677800 1.000
6449.813200 6449.813200 1.000
6455.597400 6455.597400 1.000
6456.382500 6456.382500 1.000
6469.188500 6469.188500 1.000
6471.661200 6471.661200 1.000
6481.871400 6481.871400 1.000
6482.799800 6482.799800 1.000
6493.782800 6493.782800 1.000
6494.496000 6494.496000 1.000
6496.465200 6496.465200 1.000
6496.905200 6496.905200 1.000
6499.649400 6499.649400 1.000
6516.079600 6516.079600 1.000
6518.365400 6518.365400 1.000
6527.201700 6527.201700 1.000
6527.205500 6527.205500 1.000
6533.928800 6533.928800 1.000
6546.244300 6546.244300 1.000
6555.456600 6555.456600 1.000
6569.217600 6569.217600 1.000
6575.018900 6575.018900 1.000
6586.312700 6586.312700 1.000
6592.918700 6592.918700 1.000
6593.872800 6593.872800 1.000
6597.555700 6597.555700 1.000
6604.588500 6604.588500 1.000
6609.113200 6609.113200 1.000
6627.543600 6627.543600 1.000
6633.412000 6633.412000 1.000
6633.749500 6633.749500 1.000
6634.108000 6634.108000 1.000
6643.633200 6643.633200 1.000
6663.444500 6663.444500 1.000
6677.990600 6677.990600 1.000
6696.021400 6696.021400 1.000
6705.100300 6705.100300 1.000
6715.380900 6715.380900 1.000
6717.679200 6717.679200 1.000
6721.843300 6721.843300 1.000
6726.665700 6726.665700 1.000
6733.150200 6733.150200 1.000
6750.153200 6750.153200 1.000
6767.773900 6767.773900 1.000
6772.317200 6772.317200 1.000
6810.259800 6810.259800 1.000
6820.367500 6820.367500 1.000
6828.590200 6828.590200 1.000
