4256.803100 4256.803100 1.000
4276.428000 4276.428000 1.000
4281.369500 4281.369500 1.000
4281.587800 4281.587800 1.000
4284.403800 4284.403800 1.000
4292.286600 4292.286600 1.000
4292.667400 4292.667400 1.000
4295.750500 4295.750500 1.000
4316.792700 4316.792700 1.000
4321.789900 4321.789900 1.000
4344.883000 4344.883000 1.000
4346.102700 4346.102700 1.000
4347.233400 4347.233400 1.000
4356.898400 4356.898400 1.000
4365.021200 4365.021200 1.000
4365.896200 4365.896200 1.000
4368.623800 4368.623800 1.000
4373.254900 4373.254900 1.000
4376.775000 4376.775000 1.000
4377.542100 4377.542100 1.000
4377.787500 4377.787500 1.000
4379.769900 4379.769900 1.000
4392.582500 4392.582500 1.000
4394.059200 4394.059200 1.000
4395.839500 4395.839500 1.000
4398.287800 4398.287800 1.000
4409.517300 4409.517300 1.000
4412.417600 4412.417600 1.000
4420.283300 4420.283300 1.000
4420.664100 4420.664100 1.000
4421.568500 4421.568500 1.000
4424.069100 4424.069100 1.000
4431.837600 4431.837600 1.000
4431.838300 4431.838300 1.000
4432.571900 4432.571900 1.000
4433.565800 4433.565800 1.000
4437.563500 4437.563500 1.000
4439.633100 4439.633100 1.000
4439.882200 4439.882200 1.000
4440.476400 4440.476400 1.000
4441.267300 4441.267300 1.000
4444.554700 4444.554700 1.000
4445.471800 4445.471800 1.000
4446.387500 4446.387500 1.000
4452.999500 4452.999500 1.000
4457.758700 4457.758700 1.000
4458.080800 4458.080800 1.000
4460.772000 4460.772000 1.000
4463.129400 4463.129400 1.000
4463.388800 4463.388800 1.000
4465.351300 4465.351300 1.000
4465.806000 4465.806000 1.000
4467.554500 4467.554500 1.000
4471.237600 4471.237600 1.000
4471.238000 4471.238000 1.000
4475.298900 4475.298900 1.000
4477.055200 4477.055200 1.000
4478.016100 4478.016100 1.000
4480.137300 4480.137300 1.000
4480.138000 4480.138000 1.000
4480.586400 4480.586400 1.000
4480.818000 4480.818000 1.000
4481.608100 4481.608100 1.000
4483.776300 4483.776300 1.000
4483.901800 4483.901800 1.000
4485.967700 4485.967700 1.000
4487.734400 4487.734400 1.000
4489.464900 4489.464900 1.000
4491.654800 4491.654800 1.000
4491.848400 4491.848400 1.000
4492.303800 4492.303800 1.000
4492.679300 4492.679300 1.000
4493.520800 4493.520800 1.000
4495.403200 4495.403200 1.000
4495.569200 4495.569200 1.000
4498.721900 4498.721900 1.000
4498.891300 4498.891300 1.000
4499.133700 4499.133700 1.000
4500.623000 4500.623000 1.000
4502.213300 4502.213300 1.000
4502.590100 4502.590100 1.000
4506.322200 4506.322200 1.000
4506.599700 4506.599700 1.000
4508.281500 4508.281500 1.000
4508.683500 4508.683500 1.000
4509.281900 4509.281900 1.000
4509.443500 4509.443500 1.000
4509.730400 4509.730400 1.000
4510.822800 4510.822800 1.000
4512.266900 4512.266900 1.000
4512.988600 4512.988600 1.000
4513.426000 4513.426000 1.000
4513.711300 4513.711300 1.000
4514.184100 4514.184100 1.000
4516.271700 4516.271700 1.000
4519.984400 4519.984400 1.000
4521.125100 4521.125100 1.000
4523.397600 4523.397600 1.000
4523.918400 4523.918400 1.000
4526.097500 4526.097500 1.000
4527.782200 4527.782200 1.000
4529.844100 4529.844100 1.000
4535.135200 4535.135200 1.000
4537.211700 4537.211700 1.000
4537.669400 4537.669400 1.000
4539.087300 4539.087300 1.000
4541.309900 4541.309900 1.000
4541.509100 4541.509100 1.000
4541.940100 4541.940100 1.000
4542.215100 4542.215100 1.000
4546.685000 4546.685000 1.000
4550.113400 4550.113400 1.000
4551.648400 4551.648400 1.000
4552.143200 4552.143200 1.000
4554.818900 4554.818900 1.000
4556.923300 4556.923300 1.000
4558.104800 4558.104800 1.000
4558.644300 4558.644300 1.000
4560.270700 4560.270700 1.000
4560.709900 4560.709900 1.000
4560.864000 4560.864000 1.000
4561.408900 4561.408900 1.000
4562.361500 4562.361500 1.000
4562.626900 4562.626900 1.000
4563.418800 4563.418800 1.000
4563.760100 4563.760100 1.000
4564.694700 4564.694700 1.000
4564.821600 4564.821600 1.000
4566.867000 4566.867000 1.000
4568.322300 4568.322300 1.000
4568.601700 4568.601700 1.000
4572.860500 4572.860500 1.000
4574.215600 4574.215600 1.000
4575.104800 4575.104800 1.000
4575.513100 4575.513100 1.000
4575.782400 4575.782400 1.000
4576.329900 4576.329900 1.000
4577.174700 4577.174700 1.000
4579.326300 4579.326300 1.000
4580.583600 4580.583600 1.000
4582.298400 4582.298400 1.000
4582.827300 4582.827300 1.000
4583.408000 4583.408000 1.000
4585.074400 4585.074400 1.000
4585.336400 4585.336400 1.000
4587.127300 4587.127300 1.000
4587.719000 4587.719000 1.000
4588.197200 4588.197200 1.000
4589.948100 4589.948100 1.000
4592.049400 4592.049400 1.000
4593.167100 4593.167100 1.000
4593.524300 4593.524300 1.000
4594.891300 4594.891300 1.000
4595.587700 4595.587700 1.000
4596.408300 4596.408300 1.000
4596.902900 4596.902900 1.000
4597.378300 4597.378300 1.000
4598.741000 4598.741000 1.000
4599.221400 4599.221400 1.000
4602.001200 4602.001200 1.000
4604.236900 4604.236900 1.000
4604.554100 4604.554100 1.000
4605.583900 4605.583900 1.000
4607.329700 4607.329700 1.000
4611.961500 4611.961500 1.000
4613.910100 4613.910100 1.000
4615.561600 4615.561600 1.000
4616.619100 4616.619100 1.000
4619.532000 4619.532000 1.000
4619.777200 4619.777200 1.000
4620.510300 4620.510300 1.000
4622.745400 4622.745400 1.000
4623.577000 4623.577000 1.000
4624.078500 4624.078500 1.000
4625.919900 4625.919900 1.000
4628.159300 4628.159300 1.000
4628.457300 4628.457300 1.000
4630.120500 4630.120500 1.000
4630.554400 4630.554400 1.000
4631.483200 4631.483200 1.000
4632.138300 4632.138300 1.000
4633.253800 4633.253800 1.000
4634.072200 4634.072200 1.000
4634.714500 4634.714500 1.000
4635.174300 4635.174300 1.000
4635.846500 4635.846500 1.000
4636.321000 4636.321000 1.000
4637.176700 4637.176700 1.000
4638.009900 4638.009900 1.000
4638.519700 4638.519700 1.000
4638.952800 4638.952800 1.000
4639.362200 4639.362200 1.000
4639.661700 4639.661700 1.000
4640.285900 4640.285900 1.000
4641.208300 4641.208300 1.000
4641.992200 4641.992200 1.000
4643.191100 4643.191100 1.000
4643.463900 4643.463900 1.000
4645.187700 4645.187700 1.000
4646.636500 4646.636500 1.000
4648.855100 4648.855100 1.000
4649.431300 4649.431300 1.000
4649.814600 4649.814600 1.000
4650.010800 4650.010800 1.000
4650.308800 4650.308800 1.000
4654.150700 4654.150700 1.000
4656.043400 4656.043400 1.000
4656.184600 4656.184600 1.000
4657.199400 4657.199400 1.000
4657.585500 4657.585500 1.000
4658.293000 4658.293000 1.000
4660.419800 4660.419800 1.000
4660.900600 4660.900600 1.000
4661.532700 4661.532700 1.000
4663.815100 4663.815100 1.000
4666.750000 4666.750000 1.000
4671.415000 4671.415000 1.000
4672.831100 4672.831100 1.000
4674.292200 4674.292200 1.000
4674.645900 4674.645900 1.000
4675.598600 4675.598600 1.000
4676.338500 4676.338500 1.000
4678.163700 4678.163700 1.000
4680.132600 4680.132600 1.000
4680.294800 4680.294800 1.000
4680.852800 4680.852800 1.000
4681.464200 4681.464200 1.000
4682.109400 4682.109400 1.000
4682.558000 4682.558000 1.000
4683.560100 4683.560100 1.000
4685.025400 4685.025400 1.000
4686.212300 4686.212300 1.000
4687.798900 4687.798900 1.000
4688.173900 4688.173900 1.000
4689.356100 4689.356100 1.000
4690.137100 4690.137100 1.000
4690.371500 4690.371500 1.000
4690.792500 4690.792500 1.000
4693.188200 4693.188200 1.000
4693.664800 4693.664800 1.000
4693.939400 4693.939400 1.000
4695.143100 4695.143100 1.000
4697.050000 4697.050000 1.000
4697.390800 4697.390800 1.000
4699.329200 4699.329200 1.000
4700.156300 4700.156300 1.000
4700.609400 4700.609400 1.000
4701.528500 4701.528500 1.000
4704.947800 4704.947800 1.000
4705.461300 4705.461300 1.000
4705.916300 4705.916300 1.000
4706.297000 4706.297000 1.000
4706.551200 4706.551200 1.000
4708.011700 4708.011700 1.000
4708.662600 4708.662600 1.000
4710.553900 4710.553900 1.000
4712.251400 4712.251400 1.000
4715.762700 4715.762700 1.000
4718.419500 4718.419500 1.000
4720.992400 4720.992400 1.000
4722.157100 4722.157100 1.000
4722.607100 4722.607100 1.000
4724.410100 4724.410100 1.000
4726.137400 4726.137400 1.000
4726.138600 4726.138600 1.000
4728.162700 4728.162700 1.000
4729.018300 4729.018300 1.000
4730.404200 4730.404200 1.000
4731.165200 4731.165200 1.000
4732.456600 4732.456600 1.000
4734.098100 4734.098100 1.000
4735.843800 4735.843800 1.000
4739.103500 4739.103500 1.000
4739.476200 4739.476200 1.000
4740.340400 4740.340400 1.000
4741.529600 4741.529600 1.000
4742.104500 4742.104500 1.000
4742.789000 4742.789000 1.000
4743.818500 4743.818500 1.000
4744.383300 4744.383300 1.000
4745.305900 4745.305900 1.000
4745.800000 4745.800000 1.000
4747.256400 4747.256400 1.000
4747.674900 4747.674900 1.000
4748.130500 4748.130500 1.000
4749.946000 4749.946000 1.000
4751.088100 4751.088100 1.000
4751.817800 4751.817800 1.000
4752.096700 4752.096700 1.000
4752.420700 4752.420700 1.000
4753.165200 4753.165200 1.000
4755.141900 4755.141900 1.000
4755.702700 4755.702700 1.000
4756.112100 4756.112100 1.000
4758.119500 4758.119500 1.000
4758.714500 4758.714500 1.000
4758.903700 4758.903700 1.000
4759.271200 4759.271200 1.000
4762.625100 4762.625100 1.000
4762.778700 4762.778700 1.000
4764.293300 4764.293300 1.000
4764.519400 4764.519400 1.000
4765.474100 4765.474100 1.000
4767.856000 4767.856000 1.000
4768.696500 4768.696500 1.000
4770.674400 4770.674400 1.000
4772.313600 4772.313600 1.000
4778.255500 4778.255500 1.000
4779.438800 4779.438800 1.000
4779.981700 4779.981700 1.000
4781.712800 4781.712800 1.000
4782.068700 4782.068700 1.000
4785.688500 4785.688500 1.000
4785.955000 4785.955000 1.000
4786.807700 4786.807700 1.000
4787.825800 4787.825800 1.000
4789.097600 4789.097600 1.000
4789.651900 4789.651900 1.000
4790.331500 4790.331500 1.000
4790.570400 4790.570400 1.000
4790.749800 4790.749800 1.000
4792.857300 4792.857300 1.000
4794.354700 4794.354700 1.000
4796.904800 4796.904800 1.000
4798.264300 4798.264300 1.000
4798.530600 4798.530600 1.000
4799.406000 4799.406000 1.000
4800.126300 4800.126300 1.000
4801.025700 4801.025700 1.000
4802.518300 4802.518300 1.000
4802.881200 4802.881200 1.000
4804.515600 4804.515600 1.000
4805.415900 4805.415900 1.000
4806.989100 4806.989100 1.000
4807.527000 4807.527000 1.000
4807.708700 4807.708700 1.000
4808.147300 4808.147300 1.000
4808.534800 4808.534800 1.000
4808.871400 4808.871400 1.000
4809.937200 4809.937200 1.000
4809.938500 4809.938500 1.000
4810.531700 4810.531700 1.000
4811.054000 4811.054000 1.000
4811.345600 4811.345600 1.000
4811.983400 4811.983400 1.000
4813.109500 4813.109500 1.000
4813.477700 4813.477700 1.000
4814.597400 4814.597400 1.000
4815.224700 4815.224700 1.000
4815.629100 4815.629100 1.000
4815.929400 4815.929400 1.000
4821.116400 4821.116400 1.000
4829.023100 4829.023100 1.000
4831.177200 4831.177200 1.000
4831.387200 4831.387200 1.000
4832.052400 4832.052400 1.000
4832.424500 4832.424500 1.000
4835.867500 4835.867500 1.000
4836.857100 4836.857100 1.000
4838.087700 4838.087700 1.000
4839.545900 4839.545900 1.000
4840.876300 4840.876300 1.000
4844.307100 4844.307100 1.000
4844.492300 4844.492300 1.000
4845.649700 4845.649700 1.000
4847.304200 4847.304200 1.000
4848.247600 4848.247600 1.000
4848.883400 4848.883400 1.000
4852.554400 4852.554400 1.000
4854.869300 4854.869300 1.000
4855.411400 4855.411400 1.000
4856.011200 4856.011200 1.000
4857.390400 4857.390400 1.000
4863.926600 4863.926600 1.000
4865.609400 4865.609400 1.000
4866.272500 4866.272500 1.000
4869.463000 4869.463000 1.000
4873.443200 4873.443200 1.000
4873.752600 4873.752600 1.000
4874.008200 4874.008200 1.000
4874.353500 4874.353500 1.000
4874.791500 4874.791500 1.000
4875.026300 4875.026300 1.000
4877.603100 4877.603100 1.000
4880.051700 4880.051700 1.000
4883.683500 4883.683500 1.000
4885.430500 4885.430500 1.000
4885.771200 4885.771200 1.000
4885.954200 4885.954200 1.000
4886.331000 4886.331000 1.000
4887.689600 4887.689600 1.000
4892.858400 4892.858400 1.000
4893.053100 4893.053100 1.000
4894.558200 4894.558200 1.000
4896.437400 4896.437400 1.000
4896.437800 4896.437800 1.000
4899.910500 4899.910500 1.000
4900.607800 4900.607800 1.000
4900.976300 4900.976300 1.000
4905.130800 4905.130800 1.000
4907.732100 4907.732100 1.000
4908.603100 4908.603100 1.000
4909.098700 4909.098700 1.000
4909.383500 4909.383500 1.000
4910.566000 4910.566000 1.000
4911.188800 4911.188800 1.000
4911.527700 4911.527700 1.000
4911.777500 4911.777500 1.000
4913.133300 4913.133300 1.000
4913.973500 4913.973500 1.000
4915.228600 4915.228600 1.000
4916.483500 4916.483500 1.000
4917.229500 4917.229500 1.000
4918.011700 4918.011700 1.000
4921.773900 4921.773900 1.000
4923.150200 4923.150200 1.000
4924.301100 4924.301100 1.000
4926.148800 4926.148800 1.000
4927.869500 4927.869500 1.000
4930.800900 4930.800900 1.000
4935.831000 4935.831000 1.000
4936.336800 4936.336800 1.000
4937.726300 4937.726300 1.000
4941.571400 4941.571400 1.000
4944.284100 4944.284100 1.000
4945.636700 4945.636700 1.000
4946.029800 4946.029800 1.000
4948.194100 4948.194100 1.000
4950.105800 4950.105800 1.000
4950.588800 4950.588800 1.000
4952.278500 4952.278500 1.000
4952.643700 4952.643700 1.000
4953.204300 4953.204300 1.000
4953.715600 4953.715600 1.000
4961.296000 4961.296000 1.000
4961.915600 4961.915600 1.000
4962.575000 4962.575000 1.000
4963.074100 4963.074100 1.000
4964.476200 4964.476200 1.000
4964.715900 4964.715900 1.000
4964.927900 4964.927900 1.000
4965.168600 4965.168600 1.000
4969.915100 4969.915100 1.000
4970.495500 4970.495500 1.000
4970.646100 4970.646100 1.000
4971.347800 4971.347800 1.000
4974.888700 4974.888700 1.000
4976.132300 4976.132300 1.000
4976.324600 4976.324600 1.000
4979.584700 4979.584700 1.000
4980.537300 4980.537300 1.000
4984.614800 4984.614800 1.000
4986.222600 4986.222600 1.000
4986.486900 4986.486900 1.000
4986.904000 4986.904000 1.000
4988.610700 4988.610700 1.000
4990.449500 4990.449500 1.000
4992.783000 4992.783000 1.000
4995.655300 4995.655300 1.000
4996.845000 4996.845000 1.000
4997.096200 4997.096200 1.000
4998.224700 4998.224700 1.000
5002.793600 5002.793600 1.000
5003.741400 5003.741400 1.000
5004.045700 5004.045700 1.000
5004.892000 5004.892000 1.000
5005.173400 5005.173400 1.000
5007.730200 5007.730200 1.000
5008.197600 5008.197600 1.000
5008.649600 5008.649600 1.000
5009.646600 5009.646600 1.000
5010.022200 5010.022200 1.000
5010.937400 5010.937400 1.000
5010.938600 5010.938600 1.000
5012.444000 5012.444000 1.000
5012.694600 5012.694600 1.000
5016.475100 5016.475100 1.000
5016.880900 5016.880900 1.000
5019.176600 5019.176600 1.000
5019.729300 5019.729300 1.000
5021.173900 5021.173900 1.000
5023.185200 5023.185200 1.000
5023.495800 5023.495800 1.000
5029.616500 5029.616500 1.000
5030.413100 5030.413100 1.000
5030.780800 5030.780800 1.000
5031.016800 5031.016800 1.000
5031.472400 5031.472400 1.000
5032.725100 5032.725100 1.000
5033.220600 5033.220600 1.000
5036.916000 5036.916000 1.000
5038.589700 5038.589700 1.000
5042.186800 5042.186800 1.000
5043.306100 5043.306100 1.000
5043.582000 5043.582000 1.000
5044.799300 5044.799300 1.000
5045.413100 5045.413100 1.000
5045.917000 5045.917000 1.000
5046.706400 5046.706400 1.000
5048.435100 5048.435100 1.000
5049.220200 5049.220200 1.000
5050.757500 5050.757500 1.000
5053.147000 5053.147000 1.000
5053.587900 5053.587900 1.000
5055.044900 5055.044900 1.000
5055.423400 5055.423400 1.000
5055.783200 5055.783200 1.000
5057.482800 5057.482800 1.000
5058.494400 5058.494400 1.000
5058.898600 5058.898600 1.000
5059.230600 5059.230600 1.000
5060.429900 5060.429900 1.000
5061.522000 5061.522000 1.000
5063.518600 5063.518600 1.000
5064.062000 5064.062000 1.000
5067.150600 5067.150600 1.000
5067.513000 5067.513000 1.000
5070.431200 5070.431200 1.000
5070.909000 5070.909000 1.000
5073.414700 5073.414700 1.000
5073.759100 5073.759100 1.000
5083.713400 5083.713400 1.000
5087.418900 5087.418900 1.000
5088.959300 5088.959300 1.000
5089.206200 5089.206200 1.000
5090.385300 5090.385300 1.000
5091.306100 5091.306100 1.000
5094.031300 5094.031300 1.000
5094.039700 5094.039700 1.000
5094.409600 5094.409600 1.000
5094.903700 5094.903700 1.000
5097.487300 5097.487300 1.000
5098.127900 5098.127900 1.000
5100.250600 5100.250600 1.000
5100.616800 5100.616800 1.000
5100.942800 5100.942800 1.000
5101.084400 5101.084400 1.000
5101.425300 5101.425300 1.000
5102.256900 5102.256900 1.000
5102.966500 5102.966500 1.000
5104.032500 5104.032500 1.000
5104.044300 5104.044300 1.000
5104.877000 5104.877000 1.000
5106.867700 5106.867700 1.000
5108.634900 5108.634900 1.000
5109.432600 5109.432600 1.000
5113.132100 5113.132100 1.000
5113.142500 5113.142500 1.000
5113.440800 5113.440800 1.000
5114.019100 5114.019100 1.000
5114.543100 5114.543100 1.000
5115.393000 5115.393000 1.000
5115.776900 5115.776900 1.000
5116.137600 5116.137600 1.000
5117.930700 5117.930700 1.000
5119.335700 5119.335700 1.000
5119.739200 5119.739200 1.000
5120.875800 5120.875800 1.000
5122.111800 5122.111800 1.000
5123.460100 5123.460100 1.000
5124.381000 5124.381000 1.000
5125.828600 5125.828600 1.000
5129.625500 5129.625500 1.000
5136.260400 5136.260400 1.000
5140.197400 5140.197400 1.000
5140.817900 5140.817900 1.000
5147.478100 5147.478100 1.000
5148.043800 5148.043800 1.000
5151.177700 5151.177700 1.000
5152.184700 5152.184700 1.000
5154.071600 5154.071600 1.000
5157.981100 5157.981100 1.000
5158.284200 5158.284200 1.000
5159.059000 5159.059000 1.000
5163.600800 5163.600800 1.000
5176.561100 5176.561100 1.000
5187.912900 5187.912900 1.000
5190.543300 5190.543300 1.000
5194.040800 5194.040800 1.000
5197.165600 5197.165600 1.000
5197.570100 5197.570100 1.000
5197.936200 5197.936200 1.000
5198.327400 5198.327400 1.000
5200.170200 5200.170200 1.000
5200.800800 5200.800800 1.000
5201.631200 5201.631200 1.000
5202.975300 5202.975300 1.000
5203.490600 5203.490600 1.000
5211.528700 5211.528700 1.000
5214.131000 5214.131000 1.000
5219.700200 5219.700200 1.000
5220.076500 5220.076500 1.000
5220.287800 5220.287800 1.000
5220.890500 5220.890500 1.000
5221.033400 5221.033400 1.000
5221.754100 5221.754100 1.000
5222.673400 5222.673400 1.000
5223.183400 5223.183400 1.000
5224.304700 5224.304700 1.000
5224.544700 5224.544700 1.000
5225.527000 5225.527000 1.000
5225.810900 5225.810900 1.000
5228.089200 5228.089200 1.000
5228.376500 5228.376500 1.000
5230.210900 5230.210900 1.000
5234.624100 5234.624100 1.000
5235.186300 5235.186300 1.000
5236.200900 5236.200900 1.000
5237.316000 5237.316000 1.000
5238.960100 5238.960100 1.000
5240.870200 5240.870200 1.000
5242.493200 5242.493200 1.000
5243.353100 5243.353100 1.000
5243.777100 5243.777100 1.000
5247.052100 5247.052100 1.000
5247.288800 5247.288800 1.000
5248.378400 5248.378400 1.000
5249.102300 5249.102300 1.000
5250.209700 5250.209700 1.000
5253.020900 5253.020900 1.000
5253.463200 5253.463200 1.000
5259.970700 5259.970700 1.000
5260.383300 5260.383300 1.000
5262.881400 5262.881400 1.000
5264.802000 5264.802000 1.000
5265.964500 5265.964500 1.000
5267.270200 5267.270200 1.000
5271.998900 5271.998900 1.000
5275.753300 5275.753300 1.000
5280.628200 5280.628200 1.000
5282.385600 5282.385600 1.000
5284.103900 5284.103900 1.000
5284.606300 5284.606300 1.000
5285.126800 5285.126800 1.000
5287.177100 5287.177100 1.000
5288.527100 5288.527100 1.000
5288.794400 5288.794400 1.000
5289.273000 5289.273000 1.000
5349.735900 5349.735900 1.000
5351.066700 5351.066700 1.000
5352.043800 5352.043800 1.000
5356.087800 5356.087800 1.000
5358.112200 5358.112200 1.000
5359.196500 5359.196500 1.000
5361.621200 5361.621200 1.000
5365.399400 5365.399400 1.000
5373.708600 5373.708600 1.000
5376.829200 5376.829200 1.000
5379.575400 5379.575400 1.000
5381.022400 5381.022400 1.000
5382.270900 5382.270900 1.000
5384.631300 5384.631300 1.000
5386.331600 5386.331600 1.000
5386.967300 5386.967300 1.000
5388.345900 5388.345900 1.000
5389.481400 5389.481400 1.000
5389.988100 5389.988100 1.000
5395.216000 5395.216000 1.000
5398.280600 5398.280600 1.000
5401.267500 5401.267500 1.000
5406.775800 5406.775800 1.000
5408.937900 5408.937900 1.000
5409.133400 5409.133400 1.000
5411.214900 5411.214900 1.000
5412.783500 5412.783500 1.000
5417.036200 5417.036200 1.000
5418.768500 5418.768500 1.000
5425.248400 5425.248400 1.000
5426.250700 5426.250700 1.000
5432.946600 5432.946600 1.000
5435.858100 5435.858100 1.000
5436.294800 5436.294800 1.000
5436.587800 5436.587800 1.000
5441.339100 5441.339100 1.000
5442.406800 5442.406800 1.000
5444.586600 5444.586600 1.000
5448.373400 5448.373400 1.000
5449.150200 5449.150200 1.000
5452.087000 5452.087000 1.000
5452.841500 5452.841500 1.000
5453.645900 5453.645900 1.000
5454.572300 5454.572300 1.000
5460.498300 5460.498300 1.000
5461.551300 5461.551300 1.000
5462.493900 5462.493900 1.000
5462.961600 5462.961600 1.000
5464.279300 5464.279300 1.000
5465.760300 5465.760300 1.000
5466.396400 5466.396400 1.000
5466.987400 5466.987400 1.000
5468.097100 5468.097100 1.000
5470.090100 5470.090100 1.000
5471.193400 5471.193400 1.000
5472.698700 5472.698700 1.000
5473.160800 5473.160800 1.000
5473.900800 5473.900800 1.000
5474.223300 5474.223300 1.000
5480.505900 5480.505900 1.000
5483.098000 5483.098000 1.000
5484.618600 5484.618600 1.000
5487.146400 5487.146400 1.000
5488.187300 5488.187300 1.000
5489.851500 5489.851500 1.000
5490.149500 5490.149500 1.000
5490.692100 5490.692100 1.000
5490.846400 5490.846400 1.000
5491.831700 5491.831700 1.000
5494.462800 5494.462800 1.000
5503.070600 5503.070600 1.000
5503.894200 5503.894200 1.000
5504.382100 5504.382100 1.000
5505.880700 5505.880700 1.000
5508.405600 5508.405600 1.000
5510.689200 5510.689200 1.000
5511.386200 5511.386200 1.000
5511.782400 5511.782400 1.000
5512.256900 5512.256900 1.000
5514.345100 5514.345100 1.000
5514.533700 5514.533700 1.000
5517.067300 5517.067300 1.000
5517.534400 5517.534400 1.000
5519.579900 5519.579900 1.000
5520.495400 5520.495400 1.000
5522.446600 5522.446600 1.000
5525.543700 5525.543700 1.000
5526.810100 5526.810100 1.000
5529.160700 5529.160700 1.000
5530.778600 5530.778600 1.000
5534.839500 5534.839500 1.000
5538.514600 5538.514600 1.000
5539.280300 5539.280300 1.000
5543.189200 5543.189200 1.000
5543.936100 5543.936100 1.000
5546.505800 5546.505800 1.000
5549.948300 5549.948300 1.000
5550.676600 5550.676600 1.000
5560.210800 5560.210800 1.000
5562.707100 5562.707100 1.000
5565.477900 5565.477900 1.000
5568.863600 5568.863600 1.000
5578.716900 5578.716900 1.000
5579.338400 5579.338400 1.000
5584.497300 5584.497300 1.000
5584.766900 5584.766900 1.000
5587.572700 5587.572700 1.000
5587.859100 5587.859100 1.000
5589.356400 5589.356400 1.000
5593.735300 5593.735300 1.000
5600.223700 5600.223700 1.000
5603.752400 5603.752400 1.000
5604.934800 5604.934800 1.000
5607.663100 5607.663100 1.000
5611.355600 5611.355600 1.000
5614.774900 5614.774900 1.000
5618.631800 5618.631800 1.000
5619.597000 5619.597000 1.000
5624.021800 5624.021800 1.000
5625.316100 5625.316100 1.000
5625.674900 5625.674900 1.000
5627.630000 5627.630000 1.000
5628.343600 5628.343600 1.000
5628.642800 5628.642800 1.000
5633.945100 5633.945100 1.000
5635.821100 5635.821100 1.000
5636.695200 5636.695200 1.000
5637.113000 5637.113000 1.000
5637.403300 5637.403300 1.000
5638.262500 5638.262500 1.000
5640.306800 5640.306800 1.000
5640.980100 5640.980100 1.000
5641.436300 5641.436300 1.000
5641.437800 5641.437800 1.000
5641.881900 5641.881900 1.000
5643.080900 5643.080900 1.000
5645.604500 5645.604500 1.000
5646.104000 5646.104000 1.000
5647.232200 5647.232200 1.000
5648.564600 5648.564600 1.000
5649.984800 5649.984800 1.000
5650.685300 5650.685300 1.000
5651.469300 5651.469300 1.000
5652.315800 5652.315800 1.000
5653.864400 5653.864400 1.000
5655.175200 5655.175200 1.000
5655.488700 5655.488700 1.000
5657.440200 5657.440200 1.000
5657.869400 5657.869400 1.000
5659.570600 5659.570600 1.000
5661.344300 5661.344300 1.000
5662.151700 5662.151700 1.000
5662.516700 5662.516700 1.000
5664.000400 5664.000400 1.000
5667.143700 5667.143700 1.000
5667.514000 5667.514000 1.000
5668.364100 5668.364100 1.000
5669.029600 5669.029600 1.000
5669.943200 5669.943200 1.000
5670.849500 5670.849500 1.000
5671.807000 5671.807000 1.000
5675.413400 5675.413400 1.000
5679.023000 5679.023000 1.000
5679.915200 5679.915200 1.000
5680.241000 5680.241000 1.000
5682.197500 5682.197500 1.000
5684.188100 5684.188100 1.000
5684.484700 5684.484700 1.000
5686.531700 5686.531700 1.000
5686.832600 5686.832600 1.000
5689.463000 5689.463000 1.000
5690.421300 5690.421300 1.000
5691.496300 5691.496300 1.000
5693.642400 5693.642400 1.000
5694.739600 5694.739600 1.000
5694.984000 5694.984000 1.000
5696.090000 5696.090000 1.000
5698.019400 5698.019400 1.000
5701.095800 5701.095800 1.000
5701.548700 5701.548700 1.000
5702.314400 5702.314400 1.000
5702.657000 5702.657000 1.000
5703.577300 5703.577300 1.000
5704.729300 5704.729300 1.000
5705.464100 5705.464100 1.000
5708.394200 5708.394200 1.000
5712.131200 5712.131200 1.000
5712.771900 5712.771900 1.000
5713.884000 5713.884000 1.000
5714.153200 5714.153200 1.000
5715.087000 5715.087000 1.000
5716.446100 5716.446100 1.000
5717.832500 5717.832500 1.000
5719.815800 5719.815800 1.000
5720.436900 5720.436900 1.000
5720.437700 5720.437700 1.000
5720.891500 5720.891500 1.000
5727.654800 5727.654800 1.000
5731.762300 5731.762300 1.000
5732.293300 5732.293300 1.000
5737.062300 5737.062300 1.000
5738.231600 5738.231600 1.000
5739.472200 5739.472200 1.000
5739.982100 5739.982100 1.000
5741.848200 5741.848200 1.000
5748.352100 5748.352100 1.000
5752.032300 5752.032300 1.000
5753.123000 5753.123000 1.000
5754.401100 5754.401100 1.000
5754.656600 5754.656600 1.000
5756.813100 5756.813100 1.000
5760.344300 5760.344300 1.000
5760.830400 5760.830400 1.000
5766.327200 5766.327200 1.000
5772.135500 5772.135500 1.000
5774.029400 5774.029400 1.000
5775.080100 5775.080100 1.000
5778.454800 5778.454800 1.000
5780.600100 5780.600100 1.000
5780.794900 5780.794900 1.000
5781.177100 5781.177100 1.000
5781.750000 5781.750000 1.000
5783.064300 5783.064300 1.000
5783.857700 5783.857700 1.000
5784.659000 5784.659000 1.000
5784.969200 5784.969200 1.000
5785.276800 5785.276800 1.000
5787.015200 5787.015200 1.000
5787.917600 5787.917600 1.000
5788.381400 5788.381400 1.000
5791.524800 5791.524800 1.000
5793.067400 5793.067400 1.000
5793.913400 5793.913400 1.000
5797.856400 5797.856400 1.000
5798.175500 5798.175500 1.000
5804.031900 5804.031900 1.000
5804.259600 5804.259600 1.000
5804.459800 5804.459800 1.000
5805.215300 5805.215300 1.000
5806.724500 5806.724500 1.000
5809.215400 5809.215400 1.000
5811.913300 5811.913300 1.000
5814.805100 5814.805100 1.000
5817.071300 5817.071300 1.000
5823.688000 5823.688000 1.000
5827.877100 5827.877100 1.000
5831.594300 5831.594300 1.000
5835.098100 5835.098100 1.000
5838.370800 5838.370800 1.000
5846.992700 5846.992700 1.000
5848.112000 5848.112000 1.000
5852.218300 5852.218300 1.000
5853.149600 5853.149600 1.000
5853.677700 5853.677700 1.000
5855.077500 5855.077500 1.000
5856.087600 5856.087600 1.000
5858.777300 5858.777300 1.000
5859.586000 5859.586000 1.000
5862.359900 5862.359900 1.000
5866.453500 5866.453500 1.000
5867.558300 5867.558300 1.000
5909.973100 5909.973100 1.000
5915.551800 5915.551800 1.000
5916.249500 5916.249500 1.000
5918.536700 5918.536700 1.000
5922.110100 5922.110100 1.000
5927.787800 5927.787800 1.000
5929.675700 5929.675700 1.000
5930.182400 5930.182400 1.000
5934.656600 5934.656600 1.000
5937.808400 5937.808400 1.000
5940.989200 5940.989200 1.000
5941.753700 5941.753700 1.000
5943.582400 5943.582400 1.000
5944.659500 5944.659500 1.000
5948.535800 5948.535800 1.000
5952.718400 5952.718400 1.000
5953.161100 5953.161100 1.000
5956.694700 5956.694700 1.000
5965.828800 5965.828800 1.000
5975.347200 5975.347200 1.000
5976.778600 5976.778600 1.000
5978.542600 5978.542600 1.000
5980.809500 5980.809500 1.000
5983.681600 5983.681600 1.000
5984.815700 5984.815700 1.000
5987.065200 5987.065200 1.000
5988.555400 5988.555400 1.000
5996.727000 5996.727000 1.000
5997.776700 5997.776700 1.000
5999.661200 5999.661200 1.000
6002.628100 6002.628100 1.000
6003.013500 6003.013500 1.000
6005.542400 6005.542400 1.000
6007.311100 6007.311100 1.000
6007.961100 6007.961100 1.000
6008.559000 6008.559000 1.000
6012.214400 6012.214400 1.000
6024.060800 6024.060800 1.000
6027.052100 6027.052100 1.000
6039.725200 6039.725200 1.000
6042.094800 6042.094800 1.000
6053.682600 6053.682600 1.000
6056.004700 6056.004700 1.000
6062.849400 6062.849400 1.000
6064.626400 6064.626400 1.000
6078.491100 6078.491100 1.000
6079.007600 6079.007600 1.000
6081.443100 6081.443100 1.000
6082.710600 6082.710600 1.000
6085.236600 6085.236600 1.000
6085.246000 6085.246000 1.000
6086.280700 6086.280700 1.000
6089.567600 6089.567600 1.000
6090.209200 6090.209200 1.000
6091.173800 6091.173800 1.000
6092.793400 6092.793400 1.000
6093.141700 6093.141700 1.000
6093.641700 6093.641700 1.000
6094.372600 6094.372600 1.000
6096.664800 6096.664800 1.000
6098.243800 6098.243800 1.000
6098.658700 6098.658700 1.000
6100.270300 6100.270300 1.000
6102.177800 6102.177800 1.000
6105.125700 6105.125700 1.000
6108.114200 6108.114200 1.000
6111.072800 6111.072800 1.000
6111.652400 6111.652400 1.000
6116.991100 6116.991100 1.000
6119.527900 6119.527900 1.000
6120.247200 6120.247200 1.000
6121.000300 6121.000300 1.000
6125.017400 6125.017400 1.000
6126.217800 6126.217800 1.000
6127.457700 6127.457700 1.000
6127.905900 6127.905900 1.000
6128.975600 6128.975600 1.000
6130.132900 6130.132900 1.000
6135.365900 6135.365900 1.000
6136.994500 6136.994500 1.000
6141.720600 6141.720600 1.000
6142.486300 6142.486300 1.000
6143.202600 6143.202600 1.000
6145.012700 6145.012700 1.000
6146.208300 6146.208300 1.000
6149.243900 6149.243900 1.000
6150.152900 6150.152900 1.000
6151.618100 6151.618100 1.000
6154.221300 6154.221300 1.000
6155.134800 6155.134800 1.000
6156.015600 6156.015600 1.000
6157.727600 6157.727600 1.000
6159.375000 6159.375000 1.000
6160.747800 6160.747800 1.000
6161.291700 6161.291700 1.000
6163.750100 6163.750100 1.000
6165.360300 6165.360300 1.000
6166.435200 6166.435200 1.000
6169.037200 6169.037200 1.000
6173.335700 6173.335700 1.000
6175.365900 6175.365900 1.000
6176.809300 6176.809300 1.000
6177.246400 6177.246400 1.000
6180.204400 6180.204400 1.000
6185.695300 6185.695300 1.000
6186.707900 6186.707900 1.000
6187.989400 6187.989400 1.000
6189.355200 6189.355200 1.000
6191.180800 6191.180800 1.000
6199.188700 6199.188700 1.000
6200.315300 6200.315300 1.000
6204.603600 6204.603600 1.000
6210.667100 6210.667100 1.000
6213.431100 6213.431100 1.000
6213.865700 6213.865700 1.000
6216.365700 6216.365700 1.000
6219.283200 6219.283200 1.000
6220.476400 6220.476400 1.000
6220.780500 6220.780500 1.000
6223.984600 6223.984600 1.000
6224.504000 6224.504000 1.000
6226.735000 6226.735000 1.000
6227.547700 6227.547700 1.000
6229.227400 6229.227400 1.000
6230.088100 6230.088100 1.000
6232.643200 6232.643200 1.000
6233.194600 6233.194600 1.000
6237.317700 6237.317700 1.000
6238.385100 6238.385100 1.000
6239.780200 6239.780200 1.000
6240.647800 6240.647800 1.000
6242.820900 6242.820900 1.000
6243.108300 6243.108300 1.000
6243.811500 6243.811500 1.000
6244.468700 6244.468700 1.000
6245.615800 6245.615800 1.000
6246.319900 6246.319900 1.000
6247.558700 6247.558700 1.000
6251.822600 6251.822600 1.000
6253.829700 6253.829700 1.000
6255.949600 6255.949600 1.000
6256.361300 6256.361300 1.000
6256.899500 6256.899500 1.000
6258.104100 6258.104100 1.000
6259.587800 6259.587800 1.000
6265.134900 6265.134900 1.000
6266.320000 6266.320000 1.000
6268.833300 6268.833300 1.000
6270.225900 6270.225900 1.000
6271.279500 6271.279500 1.000
6274.653500 6274.653500 1.000
6280.620000 6280.620000 1.000
6285.161900 6285.161900 1.000
6286.140100 6286.140100 1.000
6290.966400 6290.966400 1.000
6292.825600 6292.825600 1.000
6296.491500 6296.491500 1.000
6297.793900 6297.793900 1.000
6301.502200 6301.502200 1.000
6302.495600 6302.495600 1.000
6303.758500 6303.758500 1.000
6311.500200 6311.500200 1.000
6312.239000 6312.239000 1.000
6314.660600 6314.660600 1.000
6315.810900 6315.810900 1.000
6318.022300 6318.022300 1.000
6318.708800 6318.708800 1.000
6319.233900 6319.233900 1.000
6322.168100 6322.168100 1.000
6322.688000 6322.688000 1.000
6325.164100 6325.164100 1.000
6327.597600 6327.597600 1.000
6330.091900 6330.091900 1.000
6330.848300 6330.848300 1.000
6335.332100 6335.332100 1.000
6336.100400 6336.100400 1.000
6336.825400 6336.825400 1.000
6338.875200 6338.875200 1.000
6339.106200 6339.106200 1.000
6344.150700 6344.150700 1.000
6362.868300 6362.868300 1.000
6364.362900 6364.362900 1.000
6378.252100 6378.252100 1.000
6380.742900 6380.742900 1.000
6384.658400 6384.658400 1.000
6385.717300 6385.717300 1.000
6392.539100 6392.539100 1.000
6408.018500 6408.018500 1.000
6411.651500 6411.651500 1.000
6414.981400 6414.981400 1.000
6416.922700 6416.922700 1.000
6417.694400 6417.694400 1.000
6419.949800 6419.949800 1.000
6421.353700 6421.353700 1.000
6430.849100 6430.849100 1.000
6432.677600 6432.677600 1.000
6449.810600 6449.810600 1.000
6452.342000 6452.342000 1.000
6454.992300 6454.992300 1.000
6455.598500 6455.598500 1.000
6456.381000 6456.381000 1.000
6464.669500 6464.669500 1.000
6469.188900 6469.188900 1.000
6471.661300 6471.661300 1.000
6475.625700 6475.625700 1.000
6481.872100 6481.872100 1.000
6482.796800 6482.796800 1.000
6494.497100 6494.497100 1.000
6495.740000 6495.740000 1.000
6496.467600 6496.467600 1.000
6496.900300 6496.900300 1.000
6497.686600 6497.686600 1.000
6498.939500 6498.939500 1.000
6499.648500 6499.648500 1.000
6501.185200 6501.185200 1.000
6501.671400 6501.671400 1.000
6504.168800 6504.168800 1.000
6508.122200 6508.122200 1.000
6508.844000 6508.844000 1.000
6516.079100 6516.079100 1.000
6518.368400 6518.368400 1.000
6527.198800 6527.198800 1.000
6531.421200 6531.421200 1.000
6532.875300 6532.875300 1.000
6533.927100 6533.927100 1.000
6546.245300 6546.245300 1.000
6554.225500 6554.225500 1.000
6555.456400 6555.456400 1.000
6556.065100 6556.065100 1.000
6569.215200 6569.215200 1.000
6574.227700 6574.227700 1.000
6575.018400 6575.018400 1.000
6581.209400 6581.209400 1.000
6586.308100 6586.308100 1.000
6592.915600 6592.915600 1.000
6593.874800 6593.874800 1.000
6597.558100 6597.558100 1.000
6598.595800 6598.595800 1.000
6599.107200 6599.107200 1.000
6604.587300 6604.587300 1.000
6608.026100 6608.026100 1.000
6609.112600 6609.112600 1.000
6613.822200 6613.822200 1.000
6625.021000 6625.021000 1.000
6627.543600 6627.543600 1.000
6630.010700 6630.010700 1.000
6633.410300 6633.410300 1.000
6633.749300 6633.749300 1.000
6634.104100 6634.104100 1.000
6635.118200 6635.118200 1.000
6646.930900 6646.930900 1.000
6648.086700 6648.086700 1.000
6661.072200 6661.072200 1.000
6663.443800 6663.443800 1.000
6667.718000 6667.718000 1.000
6696.019800 6696.019800 1.000
6698.668700 6698.668700 1.000
6703.568100 6703.568100 1.000
6705.100500 6705.100500 1.000
6710.318300 6710.318300 1.000
6713.740400 6713.740400 1.000
6715.383200 6715.383200 1.000
6725.356300 6725.356300 1.000
6726.667300 6726.667300 1.000
6733.150700 6733.150700 1.000
6737.983500 6737.983500 1.000
6739.521200 6739.521200 1.000
6743.124400 6743.124400 1.000
6745.549200 6745.549200 1.000
6750.154700 6750.154700 1.000
6752.706100 6752.706100 1.000
6755.604600 6755.604600 1.000
6767.776800 6767.776800 1.000
6772.315100 6772.315100 1.000
6786.859300 6786.859300 1.000
6803.997800 6803.997800 1.000
6806.845600 6806.845600 1.000
6810.261700 6810.261700 1.000
6814.943200 6814.943200 1.000
6820.368600 6820.368600 1.000
6828.591300 6828.591300 1.000
