5197.573420 5197.573420 1.000000
5234.628628 5234.628628 1.000000
5256.936224 5256.936224 1.000000
5264.806997 5264.806997 1.000000
5284.108550 5284.108550 1.000000
5414.072230 5414.072230 1.000000
5425.249703 5425.249703 1.000000
5534.842195 5534.842195 1.000000
5991.369277 5991.369277 1.000000
6084.106475 6084.106475 1.000000
6149.245945 6149.245945 1.000000
6238.386281 6238.386281 1.000000
6247.561651 6247.561651 1.000000
6369.461026 6369.461026 1.000000
6432.681735 6432.681735 1.000000
6456.385203 6456.385203 1.000000
6516.081790 6516.081790 1.000000
